4294967279,120
4294967279,119
4294967279,118
4294967279,117
4294967279,116
4294967279,115
4294967279,114
4294967279,113
4294967279,112
4294967279,111
4294967279,110
4294967279,109
4294967279,108
4294967279,107
4294967279,106
4294967279,105
4294967279,104
4294967279,103
4294967279,102
4294967279,101
4294967279,100
4294967279,99
4294967279,98
4294967279,97
4294967279,96
4294967279,95
4294967279,94
4294967279,93
4294967279,92
4294967279,91
4294967279,90
4294967279,89
4294967279,87
4294967279,86
4294967279,85
4294967279,84
4294967279,83
4294967279,82
4294967279,81
4294967279,80
4294967279,79
4294967279,78
4294967279,77
4294967279,76
4294967278,248
4294967278,132
4294967278,131
4294967278,130
4294967278,129
4294967278,128
4294967278,127
4294967278,126
4294967278,125
4294967278,124
4294967278,123
4294967278,122
4294967278,121
4294967278,120
4294967278,118
4294967278,117
4294967278,113
4294967278,112
4294967278,111
4294967278,110
4294967278,107
4294967278,106
4294967278,102
4294967278,101
4294967278,100
4294967278,99
4294967278,96
4294967278,95
4294967278,91
4294967278,90
4294967278,85
4294967278,84
4294967278,81
4294967278,80
4294967278,79
4294967278,78
4294967278,74
4294967278,73
4294967278,69
4294967278,68
4294967278,65
4294967278,64
4294967278,63
4294967278,62
4294967278,58
4294967278,57
4294967278,54
4294967278,53
4294967278,52
4294967278,51
4294967278,47
4294967278,46
4294967278,43
4294967278,42
4294967278,41
4294967278,40
4294967278,37
4294967278,36
4294967278,35
4294967278,34
4294967278,33
4294967278,32
4294967278,31
4294967278,30
4294967278,29
4294967278,28
4294967278,27
4294967278,26
4294967278,25
4294967278,24
4294967278,275
4294967278,23
4294967278,22
4294967278,274
4294967278,21
4294967278,20
4294967278,19
4294967278,18
4294967278,17
4294967278,16
4294967278,15
4294967278,14
4294967278,13
4294967278,12
4294967278,11
4294967278,10
4294967278,9
4294967278,8
4294967278,7
4294967278,6
4294967278,5
4294967278,4
4294967279,132
4294967279,131
4294967279,130
4294967279,129
4294967279,128
4294967279,127
4294967279,126
4294967279,125
4294967279,124
4294967279,123
4294967279,122
4294967279,121
4294967279,23
4294967279,22
4294967279,21
4294967279,20
4294967279,19
4294967279,18
4294967279,17
4294967279,16
4294967279,15
4294967279,14
4294967279,13
4294967279,12
4294967279,11
4294967279,10
4294967279,9
4294967279,8
4294967279,7
4294967279,6
4294967279,5
4294967279,4
4294967294,5
4294967294,947
4294967294,943
4294967294,938
4294967294,927
4294967294,899
4294967294,897
4294967294,896
4294967294,437
4294967294,159
4294967294,30
4294967294,80
4294967294,401
4294967294,428
4294967294,127
4294967294,14
4294967294,126
4294967294,13
4294967294,182
4294967294,81
4294967294,176
4294967294,902
4294967294,967
4294967294,162
4294967294,1417
4294967294,11
4294967294,924
4294967278,119
4294967278,246
4294967278,247
4294967278,244
10,7
4294967278,115
4294967278,238
4294967278,116
4294967278,241
4294967278,239
10,6
4294967278,237
4294967278,327
4294967278,114
4294967279,391
4294967278,236
10,5
4294967278,109
4294967294,910
4294967294,185
4294967294,913
4294967294,1424
4294967278,232
10,4
4294967278,230
10,3
10,2
10,1
4294967278,229
4294967278,228
4294967278,108
4294967278,226
4294967278,227
4294967278,224
9,7
4294967278,104
4294967278,218
4294967278,105
4294967278,221
4294967278,219
9,6
4294967278,103
4294967278,216
4294967278,217
4294967278,214
9,5
4294967278,212
9,4
4294967278,211
9,3
9,2
9,1
4294967278,326
4294967278,98
4294967278,210
4294967278,209
4294967278,325
4294967278,97
4294967279,390
4294967279,389
4294967278,208
8,10
4294967294,440
4294967278,205
4294967279,388
4294967278,324
4294967278,94
4294967278,323
4294967278,93
8,9
4294967294,926
4294967294,388
4294967278,204
4294967278,322
4294967278,92
4294967279,387
4294967279,386
4294967278,203
8,8
4294967294,476
4294967278,200
4294967294,390
4294967294,120
4294967294,114
4294967279,385
4294967278,321
4294967278,89
4294967278,320
4294967278,87
8,7
4294967278,199
4294967278,319
4294967278,86
4294967279,384
4294967279,319
4294967278,198
4294967294,955
8,6
4294967294,76
4294967294,42
4294967294,393
4294967294,51
4294967278,195
4294967294,396
4294967294,407
4294967294,385
4294967294,420
4294967294,403
4294967294,167
4294967294,468
4294967294,405
4294967294,109
